# State file for 'Histogram' class instance
# Do not edit this file!
Dim  1
DimPhys  1
Bins  200
BinsPhys  200
BinsMasked  14
BinsMaskedPhys  14
BinsVisited  14
BinsVisitedPhys  14
Hits  1000000
HitsPhys  1000000
YoYo  0

# Sequence: Dim, HMin, HSize, HBins, HInt
  0        0        1   200        1

# Sequence: Mask, Density of States (DOS), Histogram
 1  1.5734375000000000e+01  71320
 1  1.4828125000000000e+01  71294
 1  1.4953125000000000e+01  71292
 1  1.3500000000000000e+01  71323
 1  1.2593750000000000e+01  71317
 1  1.2359375000000000e+01  71364
 1  1.1203125000000000e+01  71326
 1  1.0718750000000000e+01  71359
 1  8.8750000000000000e+00  71405
 1  8.3750000000000000e+00  71481
 1  7.3281250000000000e+00  71566
 1  1.5156250000000000e+00  71264
 1  0.0000000000000000e+00  71379
 1  7.9687500000000000e-01  72310
 0  0.0000000000000000e+00  0
 0  0.0000000000000000e+00  0
 0  0.0000000000000000e+00  0
 0  0.0000000000000000e+00  0
 0  0.0000000000000000e+00  0
 0  0.0000000000000000e+00  0
 0  0.0000000000000000e+00  0
 0  0.0000000000000000e+00  0
 0  0.0000000000000000e+00  0
 0  0.0000000000000000e+00  0
 0  0.0000000000000000e+00  0
 0  0.0000000000000000e+00  0
 0  0.0000000000000000e+00  0
 0  0.0000000000000000e+00  0
 0  0.0000000000000000e+00  0
 0  0.0000000000000000e+00  0
 0  0.0000000000000000e+00  0
 0  0.0000000000000000e+00  0
 0  0.0000000000000000e+00  0
 0  0.0000000000000000e+00  0
 0  0.0000000000000000e+00  0
 0  0.0000000000000000e+00  0
 0  0.0000000000000000e+00  0
 0  0.0000000000000000e+00  0
 0  0.0000000000000000e+00  0
 0  0.0000000000000000e+00  0
 0  0.0000000000000000e+00  0
 0  0.0000000000000000e+00  0
 0  0.0000000000000000e+00  0
 0  0.0000000000000000e+00  0
 0  0.0000000000000000e+00  0
 0  0.0000000000000000e+00  0
 0  0.0000000000000000e+00  0
 0  0.0000000000000000e+00  0
 0  0.0000000000000000e+00  0
 0  0.0000000000000000e+00  0
 0  0.0000000000000000e+00  0
 0  0.0000000000000000e+00  0
 0  0.0000000000000000e+00  0
 0  0.0000000000000000e+00  0
 0  0.0000000000000000e+00  0
 0  0.0000000000000000e+00  0
 0  0.0000000000000000e+00  0
 0  0.0000000000000000e+00  0
 0  0.0000000000000000e+00  0
 0  0.0000000000000000e+00  0
 0  0.0000000000000000e+00  0
 0  0.0000000000000000e+00  0
 0  0.0000000000000000e+00  0
 0  0.0000000000000000e+00  0
 0  0.0000000000000000e+00  0
 0  0.0000000000000000e+00  0
 0  0.0000000000000000e+00  0
 0  0.0000000000000000e+00  0
 0  0.0000000000000000e+00  0
 0  0.0000000000000000e+00  0
 0  0.0000000000000000e+00  0
 0  0.0000000000000000e+00  0
 0  0.0000000000000000e+00  0
 0  0.0000000000000000e+00  0
 0  0.0000000000000000e+00  0
 0  0.0000000000000000e+00  0
 0  0.0000000000000000e+00  0
 0  0.0000000000000000e+00  0
 0  0.0000000000000000e+00  0
 0  0.0000000000000000e+00  0
 0  0.0000000000000000e+00  0
 0  0.0000000000000000e+00  0
 0  0.0000000000000000e+00  0
 0  0.0000000000000000e+00  0
 0  0.0000000000000000e+00  0
 0  0.0000000000000000e+00  0
 0  0.0000000000000000e+00  0
 0  0.0000000000000000e+00  0
 0  0.0000000000000000e+00  0
 0  0.0000000000000000e+00  0
 0  0.0000000000000000e+00  0
 0  0.0000000000000000e+00  0
 0  0.0000000000000000e+00  0
 0  0.0000000000000000e+00  0
 0  0.0000000000000000e+00  0
 0  0.0000000000000000e+00  0
 0  0.0000000000000000e+00  0
 0  0.0000000000000000e+00  0
 0  0.0000000000000000e+00  0
 0  0.0000000000000000e+00  0
 0  0.0000000000000000e+00  0
 0  0.0000000000000000e+00  0
 0  0.0000000000000000e+00  0
 0  0.0000000000000000e+00  0
 0  0.0000000000000000e+00  0
 0  0.0000000000000000e+00  0
 0  0.0000000000000000e+00  0
 0  0.0000000000000000e+00  0
 0  0.0000000000000000e+00  0
 0  0.0000000000000000e+00  0
 0  0.0000000000000000e+00  0
 0  0.0000000000000000e+00  0
 0  0.0000000000000000e+00  0
 0  0.0000000000000000e+00  0
 0  0.0000000000000000e+00  0
 0  0.0000000000000000e+00  0
 0  0.0000000000000000e+00  0
 0  0.0000000000000000e+00  0
 0  0.0000000000000000e+00  0
 0  0.0000000000000000e+00  0
 0  0.0000000000000000e+00  0
 0  0.0000000000000000e+00  0
 0  0.0000000000000000e+00  0
 0  0.0000000000000000e+00  0
 0  0.0000000000000000e+00  0
 0  0.0000000000000000e+00  0
 0  0.0000000000000000e+00  0
 0  0.0000000000000000e+00  0
 0  0.0000000000000000e+00  0
 0  0.0000000000000000e+00  0
 0  0.0000000000000000e+00  0
 0  0.0000000000000000e+00  0
 0  0.0000000000000000e+00  0
 0  0.0000000000000000e+00  0
 0  0.0000000000000000e+00  0
 0  0.0000000000000000e+00  0
 0  0.0000000000000000e+00  0
 0  0.0000000000000000e+00  0
 0  0.0000000000000000e+00  0
 0  0.0000000000000000e+00  0
 0  0.0000000000000000e+00  0
 0  0.0000000000000000e+00  0
 0  0.0000000000000000e+00  0
 0  0.0000000000000000e+00  0
 0  0.0000000000000000e+00  0
 0  0.0000000000000000e+00  0
 0  0.0000000000000000e+00  0
 0  0.0000000000000000e+00  0
 0  0.0000000000000000e+00  0
 0  0.0000000000000000e+00  0
 0  0.0000000000000000e+00  0
 0  0.0000000000000000e+00  0
 0  0.0000000000000000e+00  0
 0  0.0000000000000000e+00  0
 0  0.0000000000000000e+00  0
 0  0.0000000000000000e+00  0
 0  0.0000000000000000e+00  0
 0  0.0000000000000000e+00  0
 0  0.0000000000000000e+00  0
 0  0.0000000000000000e+00  0
 0  0.0000000000000000e+00  0
 0  0.0000000000000000e+00  0
 0  0.0000000000000000e+00  0
 0  0.0000000000000000e+00  0
 0  0.0000000000000000e+00  0
 0  0.0000000000000000e+00  0
 0  0.0000000000000000e+00  0
 0  0.0000000000000000e+00  0
 0  0.0000000000000000e+00  0
 0  0.0000000000000000e+00  0
 0  0.0000000000000000e+00  0
 0  0.0000000000000000e+00  0
 0  0.0000000000000000e+00  0
 0  0.0000000000000000e+00  0
 0  0.0000000000000000e+00  0
 0  0.0000000000000000e+00  0
 0  0.0000000000000000e+00  0
 0  0.0000000000000000e+00  0
 0  0.0000000000000000e+00  0
 0  0.0000000000000000e+00  0
 0  0.0000000000000000e+00  0
 0  0.0000000000000000e+00  0
 0  0.0000000000000000e+00  0
 0  0.0000000000000000e+00  0
 0  0.0000000000000000e+00  0
 0  0.0000000000000000e+00  0
 0  0.0000000000000000e+00  0
 0  0.0000000000000000e+00  0
 0  0.0000000000000000e+00  0
 0  0.0000000000000000e+00  0
 0  0.0000000000000000e+00  0
 0  0.0000000000000000e+00  0
 0  0.0000000000000000e+00  0
 0  0.0000000000000000e+00  0
 0  0.0000000000000000e+00  0
 0  0.0000000000000000e+00  0
 0  0.0000000000000000e+00  0
 0  0.0000000000000000e+00  0
 0  0.0000000000000000e+00  0
 0  0.0000000000000000e+00  0
