# State file for 'Histogram' class instance
# Do not edit this file!
Dim  1
DimPhys  1
Bins  200
BinsPhys  200
BinsMasked  14
BinsMaskedPhys  14
BinsVisited  14
BinsVisitedPhys  14
Hits  1000000
HitsPhys  1000000
YoYo  1

# Sequence: Dim, HMin, HSize, HBins, HInt
  0        0        1   200        1

# Sequence: Mask, Density of States (DOS), Histogram
 1  4.5100000000000000e+02  71244
 1  4.5250000000000000e+02  71251
 1  4.5150000000000000e+02  71253
 1  4.5150000000000000e+02  71293
 1  4.4350000000000000e+02  71281
 1  4.3800000000000000e+02  71268
 1  4.3000000000000000e+02  71244
 1  4.2700000000000000e+02  71250
 1  4.2450000000000000e+02  71277
 1  4.2650000000000000e+02  71359
 1  4.2800000000000000e+02  71420
 1  4.2250000000000000e+02  71757
 1  3.3650000000000000e+02  71937
 1  0.0000000000000000e+00  72166
 0  0.0000000000000000e+00  0
 0  0.0000000000000000e+00  0
 0  0.0000000000000000e+00  0
 0  0.0000000000000000e+00  0
 0  0.0000000000000000e+00  0
 0  0.0000000000000000e+00  0
 0  0.0000000000000000e+00  0
 0  0.0000000000000000e+00  0
 0  0.0000000000000000e+00  0
 0  0.0000000000000000e+00  0
 0  0.0000000000000000e+00  0
 0  0.0000000000000000e+00  0
 0  0.0000000000000000e+00  0
 0  0.0000000000000000e+00  0
 0  0.0000000000000000e+00  0
 0  0.0000000000000000e+00  0
 0  0.0000000000000000e+00  0
 0  0.0000000000000000e+00  0
 0  0.0000000000000000e+00  0
 0  0.0000000000000000e+00  0
 0  0.0000000000000000e+00  0
 0  0.0000000000000000e+00  0
 0  0.0000000000000000e+00  0
 0  0.0000000000000000e+00  0
 0  0.0000000000000000e+00  0
 0  0.0000000000000000e+00  0
 0  0.0000000000000000e+00  0
 0  0.0000000000000000e+00  0
 0  0.0000000000000000e+00  0
 0  0.0000000000000000e+00  0
 0  0.0000000000000000e+00  0
 0  0.0000000000000000e+00  0
 0  0.0000000000000000e+00  0
 0  0.0000000000000000e+00  0
 0  0.0000000000000000e+00  0
 0  0.0000000000000000e+00  0
 0  0.0000000000000000e+00  0
 0  0.0000000000000000e+00  0
 0  0.0000000000000000e+00  0
 0  0.0000000000000000e+00  0
 0  0.0000000000000000e+00  0
 0  0.0000000000000000e+00  0
 0  0.0000000000000000e+00  0
 0  0.0000000000000000e+00  0
 0  0.0000000000000000e+00  0
 0  0.0000000000000000e+00  0
 0  0.0000000000000000e+00  0
 0  0.0000000000000000e+00  0
 0  0.0000000000000000e+00  0
 0  0.0000000000000000e+00  0
 0  0.0000000000000000e+00  0
 0  0.0000000000000000e+00  0
 0  0.0000000000000000e+00  0
 0  0.0000000000000000e+00  0
 0  0.0000000000000000e+00  0
 0  0.0000000000000000e+00  0
 0  0.0000000000000000e+00  0
 0  0.0000000000000000e+00  0
 0  0.0000000000000000e+00  0
 0  0.0000000000000000e+00  0
 0  0.0000000000000000e+00  0
 0  0.0000000000000000e+00  0
 0  0.0000000000000000e+00  0
 0  0.0000000000000000e+00  0
 0  0.0000000000000000e+00  0
 0  0.0000000000000000e+00  0
 0  0.0000000000000000e+00  0
 0  0.0000000000000000e+00  0
 0  0.0000000000000000e+00  0
 0  0.0000000000000000e+00  0
 0  0.0000000000000000e+00  0
 0  0.0000000000000000e+00  0
 0  0.0000000000000000e+00  0
 0  0.0000000000000000e+00  0
 0  0.0000000000000000e+00  0
 0  0.0000000000000000e+00  0
 0  0.0000000000000000e+00  0
 0  0.0000000000000000e+00  0
 0  0.0000000000000000e+00  0
 0  0.0000000000000000e+00  0
 0  0.0000000000000000e+00  0
 0  0.0000000000000000e+00  0
 0  0.0000000000000000e+00  0
 0  0.0000000000000000e+00  0
 0  0.0000000000000000e+00  0
 0  0.0000000000000000e+00  0
 0  0.0000000000000000e+00  0
 0  0.0000000000000000e+00  0
 0  0.0000000000000000e+00  0
 0  0.0000000000000000e+00  0
 0  0.0000000000000000e+00  0
 0  0.0000000000000000e+00  0
 0  0.0000000000000000e+00  0
 0  0.0000000000000000e+00  0
 0  0.0000000000000000e+00  0
 0  0.0000000000000000e+00  0
 0  0.0000000000000000e+00  0
 0  0.0000000000000000e+00  0
 0  0.0000000000000000e+00  0
 0  0.0000000000000000e+00  0
 0  0.0000000000000000e+00  0
 0  0.0000000000000000e+00  0
 0  0.0000000000000000e+00  0
 0  0.0000000000000000e+00  0
 0  0.0000000000000000e+00  0
 0  0.0000000000000000e+00  0
 0  0.0000000000000000e+00  0
 0  0.0000000000000000e+00  0
 0  0.0000000000000000e+00  0
 0  0.0000000000000000e+00  0
 0  0.0000000000000000e+00  0
 0  0.0000000000000000e+00  0
 0  0.0000000000000000e+00  0
 0  0.0000000000000000e+00  0
 0  0.0000000000000000e+00  0
 0  0.0000000000000000e+00  0
 0  0.0000000000000000e+00  0
 0  0.0000000000000000e+00  0
 0  0.0000000000000000e+00  0
 0  0.0000000000000000e+00  0
 0  0.0000000000000000e+00  0
 0  0.0000000000000000e+00  0
 0  0.0000000000000000e+00  0
 0  0.0000000000000000e+00  0
 0  0.0000000000000000e+00  0
 0  0.0000000000000000e+00  0
 0  0.0000000000000000e+00  0
 0  0.0000000000000000e+00  0
 0  0.0000000000000000e+00  0
 0  0.0000000000000000e+00  0
 0  0.0000000000000000e+00  0
 0  0.0000000000000000e+00  0
 0  0.0000000000000000e+00  0
 0  0.0000000000000000e+00  0
 0  0.0000000000000000e+00  0
 0  0.0000000000000000e+00  0
 0  0.0000000000000000e+00  0
 0  0.0000000000000000e+00  0
 0  0.0000000000000000e+00  0
 0  0.0000000000000000e+00  0
 0  0.0000000000000000e+00  0
 0  0.0000000000000000e+00  0
 0  0.0000000000000000e+00  0
 0  0.0000000000000000e+00  0
 0  0.0000000000000000e+00  0
 0  0.0000000000000000e+00  0
 0  0.0000000000000000e+00  0
 0  0.0000000000000000e+00  0
 0  0.0000000000000000e+00  0
 0  0.0000000000000000e+00  0
 0  0.0000000000000000e+00  0
 0  0.0000000000000000e+00  0
 0  0.0000000000000000e+00  0
 0  0.0000000000000000e+00  0
 0  0.0000000000000000e+00  0
 0  0.0000000000000000e+00  0
 0  0.0000000000000000e+00  0
 0  0.0000000000000000e+00  0
 0  0.0000000000000000e+00  0
 0  0.0000000000000000e+00  0
 0  0.0000000000000000e+00  0
 0  0.0000000000000000e+00  0
 0  0.0000000000000000e+00  0
 0  0.0000000000000000e+00  0
 0  0.0000000000000000e+00  0
 0  0.0000000000000000e+00  0
 0  0.0000000000000000e+00  0
 0  0.0000000000000000e+00  0
 0  0.0000000000000000e+00  0
 0  0.0000000000000000e+00  0
 0  0.0000000000000000e+00  0
 0  0.0000000000000000e+00  0
 0  0.0000000000000000e+00  0
 0  0.0000000000000000e+00  0
 0  0.0000000000000000e+00  0
 0  0.0000000000000000e+00  0
 0  0.0000000000000000e+00  0
 0  0.0000000000000000e+00  0
 0  0.0000000000000000e+00  0
 0  0.0000000000000000e+00  0
 0  0.0000000000000000e+00  0
 0  0.0000000000000000e+00  0
 0  0.0000000000000000e+00  0
 0  0.0000000000000000e+00  0
 0  0.0000000000000000e+00  0
 0  0.0000000000000000e+00  0
