# State file for 'Histogram' class instance
# Do not edit this file!
Dim  1
DimPhys  1
Bins  200
BinsPhys  200
BinsMasked  14
BinsMaskedPhys  14
BinsVisited  14
BinsVisitedPhys  14
Hits  1000000
HitsPhys  1000000
YoYo  1

# Sequence: Dim, HMin, HSize, HBins, HInt
  0        0        1   200        1

# Sequence: Mask, Density of States (DOS), Histogram
 1  1.4150000000000000e+02  71320
 1  1.4225000000000000e+02  71317
 1  1.4150000000000000e+02  71318
 1  1.3650000000000000e+02  71298
 1  1.3425000000000000e+02  71321
 1  1.3350000000000000e+02  71340
 1  1.3375000000000000e+02  71373
 1  1.3275000000000000e+02  71381
 1  1.2925000000000000e+02  71377
 1  1.3350000000000000e+02  71386
 1  1.2450000000000000e+02  71344
 1  7.6750000000000000e+01  71175
 1  7.0000000000000000e+01  71492
 1  0.0000000000000000e+00  72558
 0  0.0000000000000000e+00  0
 0  0.0000000000000000e+00  0
 0  0.0000000000000000e+00  0
 0  0.0000000000000000e+00  0
 0  0.0000000000000000e+00  0
 0  0.0000000000000000e+00  0
 0  0.0000000000000000e+00  0
 0  0.0000000000000000e+00  0
 0  0.0000000000000000e+00  0
 0  0.0000000000000000e+00  0
 0  0.0000000000000000e+00  0
 0  0.0000000000000000e+00  0
 0  0.0000000000000000e+00  0
 0  0.0000000000000000e+00  0
 0  0.0000000000000000e+00  0
 0  0.0000000000000000e+00  0
 0  0.0000000000000000e+00  0
 0  0.0000000000000000e+00  0
 0  0.0000000000000000e+00  0
 0  0.0000000000000000e+00  0
 0  0.0000000000000000e+00  0
 0  0.0000000000000000e+00  0
 0  0.0000000000000000e+00  0
 0  0.0000000000000000e+00  0
 0  0.0000000000000000e+00  0
 0  0.0000000000000000e+00  0
 0  0.0000000000000000e+00  0
 0  0.0000000000000000e+00  0
 0  0.0000000000000000e+00  0
 0  0.0000000000000000e+00  0
 0  0.0000000000000000e+00  0
 0  0.0000000000000000e+00  0
 0  0.0000000000000000e+00  0
 0  0.0000000000000000e+00  0
 0  0.0000000000000000e+00  0
 0  0.0000000000000000e+00  0
 0  0.0000000000000000e+00  0
 0  0.0000000000000000e+00  0
 0  0.0000000000000000e+00  0
 0  0.0000000000000000e+00  0
 0  0.0000000000000000e+00  0
 0  0.0000000000000000e+00  0
 0  0.0000000000000000e+00  0
 0  0.0000000000000000e+00  0
 0  0.0000000000000000e+00  0
 0  0.0000000000000000e+00  0
 0  0.0000000000000000e+00  0
 0  0.0000000000000000e+00  0
 0  0.0000000000000000e+00  0
 0  0.0000000000000000e+00  0
 0  0.0000000000000000e+00  0
 0  0.0000000000000000e+00  0
 0  0.0000000000000000e+00  0
 0  0.0000000000000000e+00  0
 0  0.0000000000000000e+00  0
 0  0.0000000000000000e+00  0
 0  0.0000000000000000e+00  0
 0  0.0000000000000000e+00  0
 0  0.0000000000000000e+00  0
 0  0.0000000000000000e+00  0
 0  0.0000000000000000e+00  0
 0  0.0000000000000000e+00  0
 0  0.0000000000000000e+00  0
 0  0.0000000000000000e+00  0
 0  0.0000000000000000e+00  0
 0  0.0000000000000000e+00  0
 0  0.0000000000000000e+00  0
 0  0.0000000000000000e+00  0
 0  0.0000000000000000e+00  0
 0  0.0000000000000000e+00  0
 0  0.0000000000000000e+00  0
 0  0.0000000000000000e+00  0
 0  0.0000000000000000e+00  0
 0  0.0000000000000000e+00  0
 0  0.0000000000000000e+00  0
 0  0.0000000000000000e+00  0
 0  0.0000000000000000e+00  0
 0  0.0000000000000000e+00  0
 0  0.0000000000000000e+00  0
 0  0.0000000000000000e+00  0
 0  0.0000000000000000e+00  0
 0  0.0000000000000000e+00  0
 0  0.0000000000000000e+00  0
 0  0.0000000000000000e+00  0
 0  0.0000000000000000e+00  0
 0  0.0000000000000000e+00  0
 0  0.0000000000000000e+00  0
 0  0.0000000000000000e+00  0
 0  0.0000000000000000e+00  0
 0  0.0000000000000000e+00  0
 0  0.0000000000000000e+00  0
 0  0.0000000000000000e+00  0
 0  0.0000000000000000e+00  0
 0  0.0000000000000000e+00  0
 0  0.0000000000000000e+00  0
 0  0.0000000000000000e+00  0
 0  0.0000000000000000e+00  0
 0  0.0000000000000000e+00  0
 0  0.0000000000000000e+00  0
 0  0.0000000000000000e+00  0
 0  0.0000000000000000e+00  0
 0  0.0000000000000000e+00  0
 0  0.0000000000000000e+00  0
 0  0.0000000000000000e+00  0
 0  0.0000000000000000e+00  0
 0  0.0000000000000000e+00  0
 0  0.0000000000000000e+00  0
 0  0.0000000000000000e+00  0
 0  0.0000000000000000e+00  0
 0  0.0000000000000000e+00  0
 0  0.0000000000000000e+00  0
 0  0.0000000000000000e+00  0
 0  0.0000000000000000e+00  0
 0  0.0000000000000000e+00  0
 0  0.0000000000000000e+00  0
 0  0.0000000000000000e+00  0
 0  0.0000000000000000e+00  0
 0  0.0000000000000000e+00  0
 0  0.0000000000000000e+00  0
 0  0.0000000000000000e+00  0
 0  0.0000000000000000e+00  0
 0  0.0000000000000000e+00  0
 0  0.0000000000000000e+00  0
 0  0.0000000000000000e+00  0
 0  0.0000000000000000e+00  0
 0  0.0000000000000000e+00  0
 0  0.0000000000000000e+00  0
 0  0.0000000000000000e+00  0
 0  0.0000000000000000e+00  0
 0  0.0000000000000000e+00  0
 0  0.0000000000000000e+00  0
 0  0.0000000000000000e+00  0
 0  0.0000000000000000e+00  0
 0  0.0000000000000000e+00  0
 0  0.0000000000000000e+00  0
 0  0.0000000000000000e+00  0
 0  0.0000000000000000e+00  0
 0  0.0000000000000000e+00  0
 0  0.0000000000000000e+00  0
 0  0.0000000000000000e+00  0
 0  0.0000000000000000e+00  0
 0  0.0000000000000000e+00  0
 0  0.0000000000000000e+00  0
 0  0.0000000000000000e+00  0
 0  0.0000000000000000e+00  0
 0  0.0000000000000000e+00  0
 0  0.0000000000000000e+00  0
 0  0.0000000000000000e+00  0
 0  0.0000000000000000e+00  0
 0  0.0000000000000000e+00  0
 0  0.0000000000000000e+00  0
 0  0.0000000000000000e+00  0
 0  0.0000000000000000e+00  0
 0  0.0000000000000000e+00  0
 0  0.0000000000000000e+00  0
 0  0.0000000000000000e+00  0
 0  0.0000000000000000e+00  0
 0  0.0000000000000000e+00  0
 0  0.0000000000000000e+00  0
 0  0.0000000000000000e+00  0
 0  0.0000000000000000e+00  0
 0  0.0000000000000000e+00  0
 0  0.0000000000000000e+00  0
 0  0.0000000000000000e+00  0
 0  0.0000000000000000e+00  0
 0  0.0000000000000000e+00  0
 0  0.0000000000000000e+00  0
 0  0.0000000000000000e+00  0
 0  0.0000000000000000e+00  0
 0  0.0000000000000000e+00  0
 0  0.0000000000000000e+00  0
 0  0.0000000000000000e+00  0
 0  0.0000000000000000e+00  0
 0  0.0000000000000000e+00  0
 0  0.0000000000000000e+00  0
 0  0.0000000000000000e+00  0
 0  0.0000000000000000e+00  0
 0  0.0000000000000000e+00  0
 0  0.0000000000000000e+00  0
 0  0.0000000000000000e+00  0
 0  0.0000000000000000e+00  0
 0  0.0000000000000000e+00  0
 0  0.0000000000000000e+00  0
 0  0.0000000000000000e+00  0
 0  0.0000000000000000e+00  0
 0  0.0000000000000000e+00  0
