# State file for 'Histogram' class instance
# Do not edit this file!
Dim  1
DimPhys  1
Bins  200
BinsPhys  200
BinsMasked  14
BinsMaskedPhys  14
BinsVisited  14
BinsVisitedPhys  14
Hits  1000000
HitsPhys  1000000
YoYo  1

# Sequence: Dim, HMin, HSize, HBins, HInt
  0        0        1   200        1

# Sequence: Mask, Density of States (DOS), Histogram
 1  1.1544060111045837e+01  70522
 1  1.1179063796997070e+01  70177
 1  1.1315160632133484e+01  71312
 1  1.0158260941505432e+01  71318
 1  9.8090999126434326e+00  71909
 1  8.8940507173538208e+00  71610
 1  8.3024427890777588e+00  74153
 1  7.3863246440887451e+00  72305
 1  6.5587409734725952e+00  72652
 1  5.6566762924194336e+00  69773
 1  4.5251971483230591e+00  69418
 1  3.0413650274276733e+00  66630
 1  1.5967627763748169e+00  65494
 1  0.0000000000000000e+00  82727
 0  0.0000000000000000e+00  0
 0  0.0000000000000000e+00  0
 0  0.0000000000000000e+00  0
 0  0.0000000000000000e+00  0
 0  0.0000000000000000e+00  0
 0  0.0000000000000000e+00  0
 0  0.0000000000000000e+00  0
 0  0.0000000000000000e+00  0
 0  0.0000000000000000e+00  0
 0  0.0000000000000000e+00  0
 0  0.0000000000000000e+00  0
 0  0.0000000000000000e+00  0
 0  0.0000000000000000e+00  0
 0  0.0000000000000000e+00  0
 0  0.0000000000000000e+00  0
 0  0.0000000000000000e+00  0
 0  0.0000000000000000e+00  0
 0  0.0000000000000000e+00  0
 0  0.0000000000000000e+00  0
 0  0.0000000000000000e+00  0
 0  0.0000000000000000e+00  0
 0  0.0000000000000000e+00  0
 0  0.0000000000000000e+00  0
 0  0.0000000000000000e+00  0
 0  0.0000000000000000e+00  0
 0  0.0000000000000000e+00  0
 0  0.0000000000000000e+00  0
 0  0.0000000000000000e+00  0
 0  0.0000000000000000e+00  0
 0  0.0000000000000000e+00  0
 0  0.0000000000000000e+00  0
 0  0.0000000000000000e+00  0
 0  0.0000000000000000e+00  0
 0  0.0000000000000000e+00  0
 0  0.0000000000000000e+00  0
 0  0.0000000000000000e+00  0
 0  0.0000000000000000e+00  0
 0  0.0000000000000000e+00  0
 0  0.0000000000000000e+00  0
 0  0.0000000000000000e+00  0
 0  0.0000000000000000e+00  0
 0  0.0000000000000000e+00  0
 0  0.0000000000000000e+00  0
 0  0.0000000000000000e+00  0
 0  0.0000000000000000e+00  0
 0  0.0000000000000000e+00  0
 0  0.0000000000000000e+00  0
 0  0.0000000000000000e+00  0
 0  0.0000000000000000e+00  0
 0  0.0000000000000000e+00  0
 0  0.0000000000000000e+00  0
 0  0.0000000000000000e+00  0
 0  0.0000000000000000e+00  0
 0  0.0000000000000000e+00  0
 0  0.0000000000000000e+00  0
 0  0.0000000000000000e+00  0
 0  0.0000000000000000e+00  0
 0  0.0000000000000000e+00  0
 0  0.0000000000000000e+00  0
 0  0.0000000000000000e+00  0
 0  0.0000000000000000e+00  0
 0  0.0000000000000000e+00  0
 0  0.0000000000000000e+00  0
 0  0.0000000000000000e+00  0
 0  0.0000000000000000e+00  0
 0  0.0000000000000000e+00  0
 0  0.0000000000000000e+00  0
 0  0.0000000000000000e+00  0
 0  0.0000000000000000e+00  0
 0  0.0000000000000000e+00  0
 0  0.0000000000000000e+00  0
 0  0.0000000000000000e+00  0
 0  0.0000000000000000e+00  0
 0  0.0000000000000000e+00  0
 0  0.0000000000000000e+00  0
 0  0.0000000000000000e+00  0
 0  0.0000000000000000e+00  0
 0  0.0000000000000000e+00  0
 0  0.0000000000000000e+00  0
 0  0.0000000000000000e+00  0
 0  0.0000000000000000e+00  0
 0  0.0000000000000000e+00  0
 0  0.0000000000000000e+00  0
 0  0.0000000000000000e+00  0
 0  0.0000000000000000e+00  0
 0  0.0000000000000000e+00  0
 0  0.0000000000000000e+00  0
 0  0.0000000000000000e+00  0
 0  0.0000000000000000e+00  0
 0  0.0000000000000000e+00  0
 0  0.0000000000000000e+00  0
 0  0.0000000000000000e+00  0
 0  0.0000000000000000e+00  0
 0  0.0000000000000000e+00  0
 0  0.0000000000000000e+00  0
 0  0.0000000000000000e+00  0
 0  0.0000000000000000e+00  0
 0  0.0000000000000000e+00  0
 0  0.0000000000000000e+00  0
 0  0.0000000000000000e+00  0
 0  0.0000000000000000e+00  0
 0  0.0000000000000000e+00  0
 0  0.0000000000000000e+00  0
 0  0.0000000000000000e+00  0
 0  0.0000000000000000e+00  0
 0  0.0000000000000000e+00  0
 0  0.0000000000000000e+00  0
 0  0.0000000000000000e+00  0
 0  0.0000000000000000e+00  0
 0  0.0000000000000000e+00  0
 0  0.0000000000000000e+00  0
 0  0.0000000000000000e+00  0
 0  0.0000000000000000e+00  0
 0  0.0000000000000000e+00  0
 0  0.0000000000000000e+00  0
 0  0.0000000000000000e+00  0
 0  0.0000000000000000e+00  0
 0  0.0000000000000000e+00  0
 0  0.0000000000000000e+00  0
 0  0.0000000000000000e+00  0
 0  0.0000000000000000e+00  0
 0  0.0000000000000000e+00  0
 0  0.0000000000000000e+00  0
 0  0.0000000000000000e+00  0
 0  0.0000000000000000e+00  0
 0  0.0000000000000000e+00  0
 0  0.0000000000000000e+00  0
 0  0.0000000000000000e+00  0
 0  0.0000000000000000e+00  0
 0  0.0000000000000000e+00  0
 0  0.0000000000000000e+00  0
 0  0.0000000000000000e+00  0
 0  0.0000000000000000e+00  0
 0  0.0000000000000000e+00  0
 0  0.0000000000000000e+00  0
 0  0.0000000000000000e+00  0
 0  0.0000000000000000e+00  0
 0  0.0000000000000000e+00  0
 0  0.0000000000000000e+00  0
 0  0.0000000000000000e+00  0
 0  0.0000000000000000e+00  0
 0  0.0000000000000000e+00  0
 0  0.0000000000000000e+00  0
 0  0.0000000000000000e+00  0
 0  0.0000000000000000e+00  0
 0  0.0000000000000000e+00  0
 0  0.0000000000000000e+00  0
 0  0.0000000000000000e+00  0
 0  0.0000000000000000e+00  0
 0  0.0000000000000000e+00  0
 0  0.0000000000000000e+00  0
 0  0.0000000000000000e+00  0
 0  0.0000000000000000e+00  0
 0  0.0000000000000000e+00  0
 0  0.0000000000000000e+00  0
 0  0.0000000000000000e+00  0
 0  0.0000000000000000e+00  0
 0  0.0000000000000000e+00  0
 0  0.0000000000000000e+00  0
 0  0.0000000000000000e+00  0
 0  0.0000000000000000e+00  0
 0  0.0000000000000000e+00  0
 0  0.0000000000000000e+00  0
 0  0.0000000000000000e+00  0
 0  0.0000000000000000e+00  0
 0  0.0000000000000000e+00  0
 0  0.0000000000000000e+00  0
 0  0.0000000000000000e+00  0
 0  0.0000000000000000e+00  0
 0  0.0000000000000000e+00  0
 0  0.0000000000000000e+00  0
 0  0.0000000000000000e+00  0
 0  0.0000000000000000e+00  0
 0  0.0000000000000000e+00  0
 0  0.0000000000000000e+00  0
 0  0.0000000000000000e+00  0
 0  0.0000000000000000e+00  0
 0  0.0000000000000000e+00  0
 0  0.0000000000000000e+00  0
 0  0.0000000000000000e+00  0
 0  0.0000000000000000e+00  0
 0  0.0000000000000000e+00  0
 0  0.0000000000000000e+00  0
 0  0.0000000000000000e+00  0
 0  0.0000000000000000e+00  0
 0  0.0000000000000000e+00  0
